"Factor1" "Factor2" "Factor3" "Factor4" "Factor5" "textclass"
"A01" -0.896291815351825 -1.32125765788941 -0.0905271561822678 3.63215097829959 -0.363273930440411 "news"
"A02" -0.558702521878813 -1.37373729729674 -0.543502709985913 1.56046152279726 -0.502100274075053 "news"
"A03" -0.802360461802098 -1.59620742124398 -0.418841685316171 3.11999342419295 -0.378934917532777 "news"
"A04" -1.19602529122346 0.122579241418985 -0.288289842758353 1.10192017278021 0.366094768398477 "news"
"A05" -0.667447105407618 -1.01858401850981 0.341011806688515 4.38346370924695 -0.165310636963816 "news"
"A06" -0.576892737060673 -1.19340146684891 -0.323980591753849 3.7181011984285 -0.362566507031324 "news"
"A07" -1.01245582718805 -1.18191609041741 -0.226826624264914 2.78904247659039 0.210721069246665 "news"
"A08" -0.364519299947888 -0.188187192185747 1.04835317433048 -0.649721089103777 -0.686423269606114 "news"
"A09" -0.781159212095218 -1.61547669522307 -1.13101944032653 2.85792834079527 -0.367667203443017 "news"
"A10" -0.619275992921259 -1.37487324244876 0.0743023863987131 4.06855561189742 0.24575896998845 "news"
"A11" 0.293672517129243 -0.992396248952644 -1.77267167117073 -0.512281202476241 -1.15436264932113 "news"
"A12" 0.76604165937736 -0.680665403497506 -0.669650075575087 0.434826883416727 -1.30002771297301 "news"
"A13" 0.611164408907132 -0.623835229547554 -0.750190738061075 -0.248628440627116 -1.3219586740794 "news"
"A14" 0.121579356699556 -1.24471179856669 -0.746727516687522 -0.127465783695398 -0.958154315693172 "news"
"A15" 0.654448084784766 -0.613913921294077 -0.170862704633035 0.0323353684889548 -0.355349603307801 "news"
"A16" 0.829554132344191 -1.5581537080763 -0.1227740775996 -0.794083801236666 -2.13820276645893 "news"
"A17" 0.15003817841126 -1.86500429035715 -0.135168610756878 -0.535582494183761 -0.958303426755607 "news"
"A18" -0.170887628709745 -1.83769890234205 -0.217677824636381 0.123293834206539 -0.795791926557845 "news"
"A19" -0.734239706229338 -0.792609335164572 -1.28115689872307 3.5768908255509 -1.45820778586942 "news"
"A20" -0.177378401022444 -0.669209853275835 -1.54541521100234 1.21995160066998 -0.4131825153916 "news"
"A21" -0.550564703084711 -0.967523508492309 -1.44864843654364 3.73815655145114 0.0156812781695437 "news"
"A22" -0.497577162195967 -1.7862743293582 -0.646347114641551 3.12816637706441 -0.27908010746344 "news"
"A23" -0.5113506943128 -1.54572627703156 -0.846106837984982 0.917049467079825 -1.11247671524415 "news"
"A24" -0.640095252327076 -1.47578938598925 -1.52284881432939 2.29210882054019 -0.258356130701176 "news"
"A25" -0.303370805893985 -1.26807850696612 -1.57402783666956 1.55474735277605 -0.666436362458019 "news"
"A26" -0.493779537942699 -0.909345730290947 -0.327528122543431 -1.02285829529458 -0.0145140400544137 "news"
"A27" -0.558155239808342 -0.563919593527774 -0.246119087363811 2.21493410324324 -0.747978179290394 "news"
"A28" -0.772938865610054 -0.798540703262867 -1.04834402860277 1.6255331246839 -0.556562241274891 "news"
"A29" -0.0539894183776075 -1.28346820339239 -0.412198645590294 -1.03608303256041 -1.19497400814179 "news"
"A30" 0.372078693544215 -0.50862580653765 -0.530918070127597 -0.413478904630487 -1.10151947945945 "news"
"A31" -0.138421809354139 -1.60096392635977 0.0719711919144549 -0.306005873994483 -0.28290101890623 "news"
"A32" -0.0286720940382841 -0.295115803293553 0.641868990890231 -0.148264676683058 0.153465049653114 "news"
"A33" -0.0451431913374079 -0.87824804685867 -1.14310376947563 0.401028084625198 -0.0666679072385614 "news"
"A34" -0.847704891534409 -0.304272084275673 0.17127720006779 -0.163080608331766 0.656598483203268 "news"
"A35" -1.08309319269939 1.87813482573006 0.468085004211689 -0.556236048360763 -0.833729188811448 "news"
"A36" -1.13223472392484 -0.112758388238692 0.131835687654746 0.578882838527498 -0.904345049176366 "news"
"A37" -0.415671253535442 -0.62363244495145 -0.904847291393351 1.02174473410105 -0.750961269729434 "news"
"A38" 0.421654298890003 0.851291123424739 -1.55299249863233 -1.23164436808287 -0.656130499514144 "news"
"A39" 0.662051555484762 -0.853813216902987 0.0682481221481061 0.113024551153556 -1.4606391916372 "news"
"A40" 0.388976031706825 -0.424498424648687 -1.11538712636392 0.306865987331199 -0.588343052865502 "news"
"A41" -0.492615741160326 0.158842045670608 -0.673796461228406 -0.255975182001143 -0.496321203650799 "news"
"A42" 0.0206923842036688 -1.10092959922546 -1.20270559749006 0.269224073304046 -0.250574951019375 "news"
"A43" -0.831906639842473 -0.726844440815176 0.219876168999999 -0.608384477489238 0.489242005477431 "news"
"A44" -0.547860982118418 -0.467118050499759 0.706856871657506 -0.522484472079437 -0.489241024174944 "news"
"B01" -0.5928679088362 -0.390899681737414 0.289584996494102 -0.603511751799789 -0.463603816160037 "news"
"B02" -0.533692621765158 0.08892945446994 0.0199298705539875 0.124180437471832 -0.7004254682338 "news"
"B03" -0.219283555959629 0.449840491272247 0.0610449438599382 0.359312023060526 -1.28727519554524 "news"
"B04" -0.461591176399793 -0.439434067407422 0.828776849358155 0.685201065325963 -0.11438357263571 "news"
"B05" -0.461361282883894 -0.425803156072982 0.490477692001579 0.431295856651093 -0.329956525063153 "news"
"B06" -0.67655148484685 -0.688832616699926 0.28451047415046 0.447484196500184 -0.408072052634388 "news"
"B07" -0.657189935360432 -0.469140185257481 0.535423950531551 0.0109584868942225 -0.00302047292453139 "news"
"B08" 1.06222230385783 -0.327259526892305 1.54756598957757 1.3623590655504 0.160342582252267 "news"
"B09" 0.338014154437399 0.538897272972442 -0.39894026013691 -0.820459083889133 0.0266872480179587 "news"
"B10" 0.784175053203158 0.836581187335683 1.49751068145033 0.318709603143535 -0.926850020624643 "news"
"B11" -0.385022474338523 0.200832078127932 -0.46971421394402 -0.432314486177804 0.339528551941941 "news"
"B12" -0.108620694949454 -0.40605654909071 -0.442608989940315 -0.149121586212526 -0.664537104736757 "news"
"B13" 0.00723421532016686 -0.167620336026518 1.14891440614357 0.234402093038901 -0.114331880184086 "news"
"B14" 0.34820977089032 0.0680588048555267 0.875038260818754 0.571144066397575 -0.361301984246547 "news"
"B15" -0.553696918965147 0.0367157750808878 1.28399552293046 0.879247154111847 0.0925783018961019 "news"
"B16" -0.527568071370304 -0.368686212416384 0.620629290924546 0.948404658736099 -0.96550203311052 "news"
"B17" -0.167212015614587 -0.44919854381928 1.14297424136483 0.4257727820119 0.107751606140871 "news"
"B18" -0.560643519813376 -0.693702057132921 0.799626711350557 0.0572464785603334 -0.790073738996509 "news"
"B19" 0.25788455387511 -0.289642610873605 1.1464757170126 -0.670472780200459 -0.654369492676725 "news"
"B20" -0.191643060882686 0.976163868718007 0.731110330803259 -0.17219569098668 0.105505582622852 "news"
"B21" -0.463889898033749 0.739936197641295 0.697040837058597 0.534053622921487 -1.05133896108989 "news"
"B22" -0.640257973475607 1.37520972872593 0.440197474877198 0.42766345903377 0.408545237374428 "news"
"B23" 0.0435894249613205 0.637795430400796 0.914041113407136 0.70482914105223 -0.302036326503632 "news"
"B24" 0.308558176657337 0.960614325123233 -0.917206967893654 -0.961017014069457 -1.60833251122072 "news"
"B25" -0.256885457759558 0.937808607931602 -0.422695914922232 -0.725209312071784 -0.855784114855342 "news"
"B26" -0.245776695214817 -0.007328868092147 0.253285347167415 0.225688294756942 -0.487864800980908 "news"
"B27" -0.0171302953170235 0.117137748267171 0.474502934236121 -0.245141415254306 1.45124467880166 "news"
"C01" 0.386556162311323 0.289279275215217 0.0531383120772101 -0.574098548435945 -0.751791543526177 "news"
"C02" -0.437816847973118 0.719577726370451 -0.793682530353901 -0.488965119003226 -0.810086623451186 "news"
"C03" -0.301560703093827 0.95353158999132 -0.256971700311477 -0.727595371097401 -1.23948984670284 "news"
"C04" 0.252912916505741 0.874925442036034 0.139116806619867 -0.42499866667088 -0.825764026643142 "news"
"C05" 0.214489687075995 1.1340729672267 0.0270400943687871 0.412876227882218 -0.775896983770625 "news"
"C06" -0.143478672897684 0.798389498495818 0.237243681076305 -0.704438768628134 -0.850171961676288 "news"
"C07" -0.107670519461355 0.38733110961088 -0.252538363896069 -1.04915442737427 -0.943439642590203 "news"
"C08" 0.305070633622325 0.638112762681026 -0.629577702105704 -1.20690227800341 -1.17402950995953 "news"
"C09" 0.052254417537306 0.649398462470405 -0.311993269015126 -0.674031950875163 -1.59700015607622 "news"
"C10" 0.270006625178471 0.381552608871125 -0.741424301785428 -0.66314177573053 -1.51767998804344 "news"
"C11" -0.218027085283825 0.538769425848856 -0.177409388199751 -0.880897281663128 -0.175379202881383 "news"
"C12" -0.735951587114103 0.0574667090952737 -0.660713739314448 -0.133781661456263 0.120362224218202 "news"
"C13" -0.348220695698893 0.743019982528613 -0.469759413732358 0.101968728673752 -0.389146752534953 "news"
"C14" -0.278738091927874 0.303051839030857 -0.164245002628142 -0.257118600916886 -1.09649409892201 "news"
"C15" -0.155875536332105 -0.823310021951049 -0.4690092493378 -1.37642294493888 -1.16520886567439 "news"
"C16" -0.115043601415993 0.835641333924886 0.588863144461475 0.704791722512932 -0.230649405942353 "news"
"C17" -0.297134882165431 -0.178286405626066 -0.0578363653062887 0.167712463209182 -0.750080304672766 "news"
"D01" -0.69053057260209 2.08130794859243 0.311614778944371 -0.0766245352942893 1.26253595978087 "misc"
"D02" -0.480773162799876 2.88355663185784 1.15232461591635 0.898136251053819 -0.937911040988513 "misc"
"D03" -0.603256407126486 1.93152099121564 -0.75600579038613 0.735144102527078 0.561184898727156 "misc"
"D04" -0.0408136047713517 0.966252833328386 0.51144204547697 -0.160704471186638 -1.18460588198219 "misc"
"D05" 0.000690529353038602 1.12283743661388 -0.190460506479494 1.01369599628887 0.196273131050021 "misc"
"D06" 0.486320658717598 0.704708444260876 0.379363412201999 -0.961271937774566 0.398695540533916 "misc"
"D07" 0.465898527713802 0.796009019639016 1.10902168558895 0.713511163369986 -0.817202899278698 "misc"
"D08" -0.540352923071641 0.996870464587283 -0.714683442541598 -0.398646833451814 0.868582766849422 "misc"
"D09" -0.877061770330851 -0.868101947432188 0.985225179271669 0.579246651204891 0.118940689786571 "misc"
"D10" -1.04336353871097 1.39546019154782 0.501823966232243 0.410898265165813 -0.909043541581064 "misc"
"D11" -0.237720021187127 1.41714531243232 1.99178507862369 0.0838579065744149 -0.0250641262761143 "misc"
"D12" -1.1933239825619 0.394494069398889 -0.215163949968947 -0.594453461695179 0.816536541915895 "misc"
"D13" 0.21649044999616 -0.425072023248844 1.58390792739345 -1.45025596177869 2.68866906893083 "misc"
"D14" -0.815402469518995 -0.148543828620076 -0.781824578621531 -0.221713933872771 0.711548258519044 "misc"
"D15" -0.923947026051138 0.301719728194216 -0.219244390799307 0.375497333013927 0.847881440535543 "misc"
"D16" 1.09848047763642 -0.800574947255493 1.5415437666044 0.155650703472516 -0.617417101327141 "misc"
"D17" 0.39488708305962 0.410861560307625 0.40691197249472 0.26855302369176 -0.585583963275188 "misc"
"E01" 0.54970725285121 1.33734125084671 0.762373786760273 -1.19621577507442 -0.535839295940526 "nonfiction"
"E02" 0.555246585326461 -0.178306762015918 1.12284672426942 -0.756517485237696 -1.45789085420061 "nonfiction"
"E03" -0.367810454267622 0.077385140322153 2.41355389588515 -0.902786424787891 0.713943431269259 "nonfiction"
"E04" -0.407701433181227 0.729089188841623 0.260505378753502 -0.975145550147642 -1.13672247223639 "nonfiction"
"E05" -0.120630759517349 -0.724605797051237 0.808829747083304 0.499565039743373 0.658640420830422 "nonfiction"
"E06" -0.210477841001974 -0.396928107703889 0.873614411021897 -1.01933299830209 -0.0221871786906763 "nonfiction"
"E07" 0.543567192485582 -1.75107663640986 0.363276195286488 -1.3295101834235 -0.47093809385923 "nonfiction"
"E08" -0.886524116800578 -0.868318106604811 1.15894444191536 -0.610231910666662 0.905520019503855 "nonfiction"
"E09" 0.481826150165569 -0.742515222566446 -0.375754089902561 -1.16303485714556 -0.700237745115836 "nonfiction"
"E10" 0.265563561109534 0.215445964436248 -0.182092656931157 -1.46222324201549 -1.48300358264756 "nonfiction"
"E11" 0.0287724695787865 -0.801487747425675 -1.29353389699132 -0.565539570799075 -1.49022512890992 "nonfiction"
"E12" -0.31099124016786 -0.98540054649659 0.877666184798165 -1.09374248011103 -0.68056830488335 "nonfiction"
"E13" 0.125037637337189 0.0417473554997733 -2.24462353236885 -1.62839077504077 -0.162825615151296 "nonfiction"
"E14" 0.615991807104907 -1.95471958202246 0.966256133556193 -1.37737431765252 -0.368322396486282 "nonfiction"
"E15" -0.0939443349498539 -2.07636742391058 -0.690312895542584 -1.55340967506875 -0.634132619573197 "nonfiction"
"E16" 0.38219203547814 -1.09366201312897 -0.384499604208576 -1.5292868598727 -1.7999116200775 "nonfiction"
"E17" 0.216161312708458 -1.09198081969699 1.43211143344437 -1.06233676517957 -1.55184364649716 "nonfiction"
"E18" -0.335276346915546 -0.465307886643083 -0.816727538649297 0.659864965067699 -0.306962154680351 "nonfiction"
"E19" 0.558180647953528 -0.613164950713082 1.74993596083922 -0.880952670639431 -1.01674290426124 "nonfiction"
"E20" 0.772468930020805 -1.05395804117447 2.38389526235701 -1.24112510326177 -1.23850104984932 "nonfiction"
"E21" -0.47530598420451 -0.637638903777894 2.00364867381337 -1.29381295931133 -0.718316247894313 "nonfiction"
"E22" -0.582530975833017 -0.275130005397222 -0.301488143346465 -0.749674513822116 0.117335806477067 "nonfiction"
"E23" -0.219557345650212 0.623443610725022 -0.2776096037312 -1.06303077750099 -0.844716584865832 "nonfiction"
"E24" 0.187250763142395 0.200603184525923 1.52699926123943 -0.766838893397551 -0.41404042648851 "nonfiction"
"E25" -1.30365658605221 -0.508529718610538 -0.00747966406644303 -0.706453596289561 1.27234229744093 "nonfiction"
"E26" -0.841784932251483 0.0833723101625699 -0.940141153485057 -0.145842567867484 1.3362493469693 "nonfiction"
"E27" -0.634997104603804 -2.18972600798182 0.255420775641837 -0.979101039260244 -0.829134565653388 "nonfiction"
"E28" -0.541457609365151 -1.10580274584943 1.62120967032445 -0.614866101506845 -0.407982015666008 "nonfiction"
"E29" -1.10045791641415 0.882000890729382 0.675490494878342 -0.00351289647164716 -0.693490550478314 "nonfiction"
"E30" 0.278853910415936 -2.15216447307536 3.29405713725733 -0.4589897225839 -1.10303737229636 "nonfiction"
"E31" -0.724268252942152 -0.555221919588375 0.0189374608072414 -0.43374612968236 0.926185880200411 "nonfiction"
"E32" -0.96738676731392 0.578897846098117 0.0902138932985976 -0.34043607597309 -0.471900653555603 "nonfiction"
"E33" 0.180031193004848 -0.675250098729321 1.51534310939432 -0.910280861313102 -1.21751812235209 "nonfiction"
"E34" -0.954150191104766 -0.327105832490558 -0.41315388866267 -1.01558367112133 0.232725600455134 "nonfiction"
"E35" 0.756627206189496 -0.466151187497632 1.11848586066946 -0.0556565651921 -1.45100182973329 "nonfiction"
"E36" 0.290772160356879 -0.764455322506818 1.7880346628753 -1.07262732646229 -1.66616820556493 "nonfiction"
"F01" 0.118280666745162 0.811332585750767 0.0810714910275012 -0.0223367115841542 -0.868215587616706 "nonfiction"
"F02" 0.335368205344231 0.104728342921908 -1.11991340357646 -0.88314589315311 0.280197749468034 "nonfiction"
"F03" -0.831016575007288 1.34255184946709 0.327482255632756 0.205909197359477 1.38251994844603 "nonfiction"
"F04" -0.20614475793076 -0.129624537065791 -0.414891163617039 -0.153069733129855 0.394395163261227 "nonfiction"
"F05" 0.0479180721152339 -1.10001677757037 -1.12996482226465 -1.31363308196746 0.401960623125032 "nonfiction"
"F06" 1.74574270816705 0.491558409366891 2.72712169487265 -1.03286676406645 -1.19324047936306 "nonfiction"
"F07" -0.787596034836841 0.873996899593245 1.3154416893641 -0.166919335749778 -0.443103001953444 "nonfiction"
"F08" 0.122356353632939 0.746632887287949 0.139585932088478 2.27394713519096 -1.51179866247359 "nonfiction"
"F09" 0.52962849242214 -0.0429819372500623 -0.719126726807514 -0.0808838123347762 0.31653028154028 "nonfiction"
"F10" -0.00363344080217972 -0.592613081851695 -0.486915955436253 0.322315039705501 0.666753593036969 "nonfiction"
"F11" 0.0766935036166218 -0.453542708841097 1.50880499846932 0.312691505656904 -1.1326076666072 "nonfiction"
"F12" 0.0712063473595457 1.40706096600937 1.41270075422115 0.57386121086091 2.07018789766534 "nonfiction"
"F13" 0.681020823842513 -2.22053204949842 3.67152579468879 -1.10960766216468 -1.1853331334749 "nonfiction"
"F14" -0.632532200979718 0.260086204008318 -0.190772530349368 -0.00544590697263058 0.84931093868194 "nonfiction"
"F15" -1.34615341541321 0.350964781511119 -0.437230202303162 -0.0120039810317646 0.484377388525587 "nonfiction"
"F16" 0.327098620493612 -0.424687328162132 -1.56644093992901 -0.0179071294977914 0.495421540715432 "nonfiction"
"F17" -0.428740373425224 -1.30201681687957 -1.53266387797528 -0.88785187994797 -1.05775970834514 "nonfiction"
"F18" 0.12106903086082 -0.367510605852561 -0.575080861237498 2.97758325085666 -0.133011479317076 "nonfiction"
"F19" -0.429061069581319 0.233705702496697 0.432133593630669 -0.241015349905635 0.31142809078629 "nonfiction"
"F20" 0.0236994448018558 -0.525233832713821 -1.30782704703574 -0.569654757329108 -0.714322863380217 "nonfiction"
"F21" -0.552756939582794 -0.107529194215378 -1.04028796455378 -1.09028317026448 -0.0306521973014358 "nonfiction"
"F22" 0.161392129506316 -0.321152464569462 -1.03536818211228 -0.874009606088872 1.31118034911392 "nonfiction"
"F23" -0.412774932292533 1.11263160009475 1.34622767658723 0.292724320983077 -0.521455468250092 "nonfiction"
"F24" 0.438791450193023 -0.33217599896321 -1.09184477288491 0.272894002822878 -0.370382451943747 "nonfiction"
"F25" -0.221253629375145 0.707356933554526 -0.025057753372596 0.193222317966153 -0.672812744022512 "nonfiction"
"F26" -0.0792622040027512 -0.547330243830212 -0.509563795197065 -0.540918351438568 -0.85628049499801 "nonfiction"
"F27" 0.0631305550790886 1.59411539014946 0.388365758156309 -1.28813153989069 -1.81552178682339 "nonfiction"
"F28" -0.192505915629004 -0.590718021728261 -0.512290815431717 0.267216978608145 0.0780059749976841 "nonfiction"
"F29" -0.38602448274954 -0.448873718268594 -0.838347057741222 -0.100681290323431 0.24395699985913 "nonfiction"
"F30" -0.252730297735057 0.328200934743439 -0.870302447200846 -0.633029217712858 -0.495500433007258 "nonfiction"
"F31" 0.340582160105741 0.616219383313547 -0.18768579936517 2.3394114782328 1.19402909226498 "nonfiction"
"F32" 0.0494314401435173 -0.653056461018922 -1.20569149273838 0.846900747829028 -0.603380654998729 "nonfiction"
"F33" -0.799740259619978 0.278395646777317 1.15903664215376 0.226073295969564 0.127235649614356 "nonfiction"
"F34" -0.63908504388161 -1.36937111624661 -0.762441992504872 -1.40549110049475 -1.37040062467334 "nonfiction"
"F35" 0.922828094680852 -1.1049063975905 -0.901760023612328 0.317027220698195 -0.653722621438941 "nonfiction"
"F36" 1.35156478250214 0.289795801488325 -1.22875876597449 -1.84265769373249 1.25810730803207 "nonfiction"
"F37" -0.378247673002266 1.73489873746385 0.453877221389594 -0.209673116826132 -0.113934631736987 "nonfiction"
"F38" 0.283582007630338 0.461991565484641 -0.978270523156685 -0.732362942825788 -0.608182331222061 "nonfiction"
"F39" -0.912246681436686 -0.191594740441934 -0.249589110296866 -0.622836184049026 0.667043339587215 "nonfiction"
"F40" -1.26339674759789 -0.255522477034845 -1.05449506912075 1.0908593121778 -0.242984451830738 "nonfiction"
"F41" 0.0143177901500951 -0.420191525935517 -0.328705883105396 -1.22113605975855 -0.336594037371206 "nonfiction"
"F42" 0.357981510305925 2.01644883335213 0.777202875518583 -0.65980476422396 1.65174856057236 "nonfiction"
"F43" -0.324742599877436 0.170919512709183 -0.51710285174614 -1.27422019432484 -0.0315114502826844 "nonfiction"
"F44" -1.78501260191898 -0.116121085101443 0.898178258705884 -0.366986700347428 0.504346296878848 "nonfiction"
"F45" -0.511224195057089 -0.765034544377991 -0.691804206750759 -0.465373418951773 -0.845663061881366 "nonfiction"
"F46" -0.00110240264279821 -0.427364193864817 0.0371226389676496 0.61379444976089 -1.19109469299364 "nonfiction"
"F47" 0.198280753196809 0.771027338002926 0.247511133354403 -0.529662174457716 2.10154223116145 "nonfiction"
"F48" -0.964934743687728 1.69476472298655 0.79824289914888 0.471006345810237 0.801649328977888 "nonfiction"
"G01" -0.51006363349369 1.56204064521717 1.01655404412747 -0.325338965470065 1.08158314218033 "nonfiction"
"G02" -1.16603677800962 1.03566849438745 -0.185495298119951 -0.115716842015452 -0.951787828832729 "nonfiction"
"G03" -0.187767460692546 -0.692572374328387 0.755909877715254 -0.470791869534045 -0.246883081019428 "nonfiction"
"G04" 0.520287357933404 1.04078840816218 -0.201685875768379 -0.554292794354771 -0.13551093526937 "nonfiction"
"G05" -0.100583041916461 0.582906870061454 -0.759534374428852 -0.839904677041291 -0.0635452960649582 "nonfiction"
"G06" 0.310412063118134 0.156911502052234 -0.757892270786094 0.210984452337881 -0.907321378702925 "nonfiction"
"G07" -0.642313474394377 -0.38698956315184 -0.999206226030123 0.183095088950613 -0.0901485822724039 "nonfiction"
"G08" -0.501835222072139 1.64838500176519 -0.613332341029792 0.581518480380475 -1.2419281467179 "nonfiction"
"G09" -0.675804446685165 -0.293796269942424 0.859715697011533 -1.07693133141141 0.814924285463681 "nonfiction"
"G10" -0.676812013520743 0.60635515987703 -0.818630892282854 0.693665848096463 0.680502588158227 "nonfiction"
"G11" -0.649810828113744 1.768186169479 0.229019580403692 -1.0361964131347 -0.378821980234412 "nonfiction"
"G12" 0.558540298595992 1.32210548770082 1.41686530683936 1.57980312666199 -0.698937461843948 "nonfiction"
"G13" -0.466894974897563 0.25495189837299 0.787777212237618 -0.257378227269139 -0.441625365820927 "nonfiction"
"G14" 0.317222200522946 -0.0687632737361725 -0.788563802287507 -1.5783208545324 -1.18029507412237 "nonfiction"
"G15" -0.251440808071401 1.21112979198093 -0.318137401655313 -0.546735173198979 -1.31405078587033 "nonfiction"
"G16" -1.8344676474852 1.01104674342376 -0.0603761828446992 0.132496368635546 0.517747587568954 "nonfiction"
"G17" 0.348479825341425 0.753196625718545 0.529114240093764 0.575051004056617 -0.992759355790508 "nonfiction"
"G18" -0.0853669306465368 0.644633188012663 -0.845101107299073 -0.0085726978537814 -0.697536932433243 "nonfiction"
"G19" -0.277027782003467 0.927483281851966 0.404476679770302 -0.261370791416268 -1.70187201812774 "nonfiction"
"G20" -1.1266369562118 0.187918836861001 0.763297975231852 -0.0623340335700665 1.87401313576234 "nonfiction"
"G21" -0.674740177597177 0.494480404453535 -0.1152174637846 0.0315398729232474 0.389831121778873 "nonfiction"
"G22" -0.261670334697717 0.657031209433118 1.07887593416049 -0.437674829176524 -0.38918267968836 "nonfiction"
"G23" -0.247967430939503 0.526604870396636 0.610652170513034 0.41787667061217 -0.703182220818994 "nonfiction"
"G24" -0.910009066064789 0.811659963406713 0.383778781645319 -0.10439771075594 0.689877750260151 "nonfiction"
"G25" -1.08298175902576 1.08514956002983 0.623984386705615 -0.808568321103216 -0.846705930460283 "nonfiction"
"G26" -0.261576093398362 0.0698703885435907 0.628059191582627 -0.352275610178689 0.232698230177047 "nonfiction"
"G27" -0.00485153373475406 -0.110946031627148 -1.59404398687985 0.165887532449362 1.14550111998267 "nonfiction"
"G28" -0.575924192144136 0.988948718508208 -0.349016753760292 0.833889275125297 1.59146374762327 "nonfiction"
"G29" -0.426564469526948 0.661112246590514 1.47117801561488 0.0589473290080178 -0.326474634283409 "nonfiction"
"G30" -0.8356628227349 1.1374217620821 0.00368833825755233 0.218635419968055 -1.05339096170929 "nonfiction"
"G31" 0.0358649872151256 0.667282221056931 -1.39908766054676 0.219607739481013 0.047414113064127 "nonfiction"
"G32" 0.242069912414463 -0.192941173359478 -0.0298648939107355 1.5180702765925 0.0964193544956126 "nonfiction"
"G33" 0.805258162500179 1.74277619689132 1.29262909263883 0.746007947836289 0.196081369266534 "nonfiction"
"G34" 0.204907851142942 -0.328083219197818 -0.489012138515346 1.14376491645017 0.219656997775801 "nonfiction"
"G35" -0.952833308423919 0.575206169742275 0.499867676000363 -0.711783395737917 -0.750077776366998 "nonfiction"
"G36" 0.660652858707611 -0.478672178827143 0.64079204291532 0.946308763817745 2.52912601202742 "nonfiction"
"G37" 0.090009867895017 1.0294607148658 -0.603497477698205 -0.715731353391981 2.34038173193509 "nonfiction"
"G38" -0.396824191312302 -0.288999250911169 -0.81835037483463 0.616645140118008 -0.47657669849028 "nonfiction"
"G39" 0.656694393113923 -0.161656403319333 -1.08805560137313 -0.514120127286778 -0.962294254476161 "nonfiction"
"G40" 0.470999606111453 -0.0515730697846123 -0.950140434136572 0.823337050859026 -0.19227192204023 "nonfiction"
"G41" 0.63081362326271 -0.556737377326347 -0.251267395949141 -0.539964884987827 0.58391952424582 "nonfiction"
"G42" -1.44945831193668 0.0884751349709424 0.505699121403076 0.355101001921675 0.110890257512903 "nonfiction"
"G43" -0.622097524474843 0.579075161865446 1.31053594490909 0.504351239412646 0.135328623587445 "nonfiction"
"G44" -1.13803958295887 1.36626120193923 0.692840680534591 0.395223478433238 1.37216429559573 "nonfiction"
"G45" 0.659232532627705 -0.910800486029278 0.524618359331193 0.907046057091992 -0.909844567485963 "nonfiction"
"G46" -0.879874690067754 0.730080759979884 -1.09065703162451 -0.100455953336087 -0.96528386588376 "nonfiction"
"G47" 0.658226681527384 -0.525597632983631 0.16412532522022 1.36574157565067 0.363419406595224 "nonfiction"
"G48" -0.0653630215070777 -0.53784529764371 -0.539886158145205 -0.548748408438284 0.151257572345202 "nonfiction"
"G49" 0.179335486345666 1.43825371350804 -0.174542557673053 1.4564762984041 1.14382116772985 "nonfiction"
"G50" 0.211169429235659 -0.427961999557441 -0.942764399936613 -0.892229218737251 0.0510863688484534 "nonfiction"
"G51" -0.0536822905860436 0.270795724277341 -0.225810005759122 -0.245613950211578 -0.40997015675548 "nonfiction"
"G52" 0.0444904554169777 -0.201765645531869 -0.487437900233429 0.0992034711101302 0.692851930028074 "nonfiction"
"G53" 0.0345524270878773 -0.430541897704077 -1.19642028140334 0.861089531871815 -1.13596422595231 "nonfiction"
"G54" 0.807124513353287 0.201603332462786 -0.285357250950832 1.60946170283763 -0.939516647874998 "nonfiction"
"G55" -0.372239057490332 0.138976171029533 0.344583972755445 -0.162639429942159 0.0130808806198377 "nonfiction"
"G56" -0.146116551492299 0.457876891646158 1.26033842649106 0.39444545544318 -0.517745533844135 "nonfiction"
"G57" -1.22956731948018 0.52776970135925 -0.190998085360022 -0.553819985983393 0.606961800486645 "nonfiction"
"G58" -0.122364566539168 0.0975049397553693 -0.510835846400885 1.1200581410797 0.0114731024612874 "nonfiction"
"G59" 0.0507133797737727 1.32494586570416 -0.787101994292828 -0.717523723980849 -0.375990504809931 "nonfiction"
"G60" 1.27382979299099 0.133347454176032 0.0557383811407561 -0.560332451557599 1.00083437327071 "nonfiction"
"G61" -0.823186743356114 1.19232779751942 -0.593486518927753 0.0662072222444591 -0.821925665990758 "nonfiction"
"G62" -0.972145434433992 -0.945292880112809 -0.296071355408995 0.124525575456865 0.770070771619223 "nonfiction"
"G63" -0.960633052226683 -0.178285745821182 -0.0172059935374935 -0.565699135818466 -0.23768798951793 "nonfiction"
"G64" 0.018739435050847 -1.82029895374209 -0.678394109624786 2.92890133941492 -0.797514682472213 "nonfiction"
"G65" -1.16088870729835 1.29319419148129 0.317237553135536 0.81503474051148 0.840375634485289 "nonfiction"
"G66" 0.389921710893847 0.239377995329995 -0.888800157450734 1.64908563945614 2.18462296533819 "nonfiction"
"G67" 0.649129431772698 0.13370177428063 -0.885894656882109 2.43928737481258 -1.06671021152362 "nonfiction"
"G68" -0.0201247777367517 0.869912552824655 -0.734315780637608 0.106572971066487 -1.13201528489758 "nonfiction"
"G69" -0.358954719537888 0.817904154364755 0.0626809468883794 -0.702865716600183 -0.663588217370263 "nonfiction"
"G70" 0.22058609594855 3.34796139828424 0.812539765303211 0.258107666169254 1.25271613493672 "nonfiction"
"G71" -0.50061736884374 1.10444074216255 -0.454221265890425 -0.249312454431011 -0.0993500937526144 "nonfiction"
"G72" -1.03886662990548 0.468276404158259 0.564079740212962 0.0811757715951357 -0.720943164945157 "nonfiction"
"G73" -0.240095603205232 0.64998971477199 -0.44938350937092 -0.259925686053104 -0.659519981506501 "nonfiction"
"G74" 0.0866890210280047 0.743854483939198 0.499733940492812 0.801122801324111 -0.753640832428244 "nonfiction"
"G75" 0.683951259744834 0.49684069773784 0.144759127581951 -0.430845916406075 1.28910748184171 "nonfiction"
"H01" -1.72888916675826 -1.50964937686465 0.748321413393764 -0.142245621732302 -0.630025203584157 "misc"
"H02" -1.27987134793979 0.271157210195232 1.41189236622511 -0.407149660715609 -1.15677999741291 "misc"
"H03" -0.424036888586571 0.618163071825742 0.476264368199052 -0.14309809420433 0.0197452022451276 "misc"
"H04" -1.28219693271877 -0.460553726362883 -0.21689436173729 -0.767673851268989 -0.0680392589688399 "misc"
"H05" -1.19377498859953 0.769928841878417 -0.0467702997744726 0.214914273737865 0.404404519520908 "misc"
"H06" -1.61174841855896 -1.81599524776277 -0.624966356453483 -0.599844781048862 0.279224182571633 "misc"
"H07" -1.04078958693158 -0.248304980851893 0.575052863815981 -0.32790842708566 -0.556492188285604 "misc"
"H08" -0.297121481314692 -1.28110562083651 -0.0287884713269246 0.28744701576292 -0.4283482695179 "misc"
"H09" -1.54894906024104 -1.42865888586929 -0.263152463611662 -0.262122526081757 0.509550901018393 "misc"
"H10" -1.82122172663296 -1.72700040202781 -0.910287271546397 -0.341507490753007 -0.291302393291446 "misc"
"H11" -1.58548663420201 -0.97895995808481 -0.382971667337548 -0.561227088950174 0.495269517198002 "misc"
"H12" -1.24864475263351 -1.64777192853882 0.147550074244469 0.277448392682981 -0.0789676972831069 "misc"
"H13" -0.508171849220882 -0.556474500405247 0.471044918929029 0.289436131809846 -1.37090765543741 "misc"
"H14" -0.955204053605782 -1.59636442140002 -0.362894543993544 -0.769485383763321 2.02128440083577 "misc"
"H15" -0.608972442458454 -1.65138287230189 1.88473612879884 -0.831636181405891 0.762681119494568 "misc"
"H16" -1.00589458515407 -1.37059806123489 -0.527972807569324 0.46297247536913 -0.588708424992166 "misc"
"H17" -0.36198923614835 -0.0922040648498423 -0.445306292801248 1.25588376546669 -0.466651763707271 "misc"
"H18" -0.527375175617727 0.359057121579698 2.59366739162858 -0.682503517424171 2.73057053924238 "misc"
"H19" -0.731156073187172 -0.440275941485403 1.59369402059467 -0.484474757844556 -0.825084493343643 "misc"
"H20" -1.58871121133667 -1.09325113570872 -0.0761358219938028 -0.674707188780243 -0.193058293945073 "misc"
"H21" -1.66734437694345 -0.236176464812158 -0.362546550360226 0.24646874522818 0.222492858001598 "misc"
"H22" -1.58168050565721 -2.28989226176034 0.253745960590643 1.35717055353485 0.124044665247092 "misc"
"H23" -1.66162518996102 -0.509027542022378 0.17634655620322 -0.669227065089345 -0.221451021354083 "misc"
"H24" 0.243514292599478 -3.10352945618813 3.87302658521918 -0.246075333004906 1.47654203553868 "misc"
"H25" -0.728004048674566 -0.24108612292832 0.387023925797839 0.372774985390028 -0.0820920641409086 "misc"
"H26" -0.71541443913031 -0.0614800564080664 -1.27532196425538 -1.05704553562447 -0.433566885941278 "misc"
"H27" -1.42084269481741 -0.875085130573132 -0.215773568327293 -0.82416741932727 0.0640095638696404 "misc"
"H28" -1.36903032482765 -2.16572903543307 -0.158624325556376 -0.578320506822518 -0.0643542458314152 "misc"
"H29" -1.26207818269354 -0.371746312519173 -0.724601750146414 -0.127451809589973 -0.268794311607745 "misc"
"H30" -1.11149347296948 -0.80273153276329 1.34908854343797 0.0523256488616772 0.669837567258789 "misc"
"J01" -1.4535753716024 0.259401644685117 -0.207236907761016 -0.403321323386595 -0.14634062750872 "academ"
"J02" -1.22631192619724 -1.39838070049289 -0.548570232578504 -0.711139927121532 2.08797486990321 "academ"
"J03" -1.12424805901429 -0.0297527491727201 0.98997043727914 -0.312704250182197 0.409380670157734 "academ"
"J04" -1.471530473623 0.121902143231177 -0.316167965994165 -0.0386315541845715 2.02160612240635 "academ"
"J05" -1.41193729222174 1.48361880351453 -0.544144430065541 -1.03177767499185 -0.142933580447588 "academ"
"J06" -1.59683502566717 -0.684166456967191 -0.763581486073881 -0.597614960879158 1.22479949297318 "academ"
"J07" -1.40346154756898 -1.03015863899547 0.264937478385218 -0.571078629216955 0.923730367989136 "academ"
"J08" -1.70900627319828 0.174407899220376 0.944547871545218 -0.337063781929195 0.0937208836970952 "academ"
"J09" -1.18393507482673 -1.00797632838136 -1.38100739103707 -0.993343058182664 0.94219338010604 "academ"
"J10" -0.15131886071468 1.51032591536739 -0.0267221183730943 -0.867950940882224 -0.9779459358715 "academ"
"J11" -0.804741360528501 0.826211083873463 0.0291826533460217 -0.531145180518855 0.129348471369308 "academ"
"J12" -0.775088233031014 0.418241930373861 0.121748366271025 -0.206813373222627 0.732466116489466 "academ"
"J13" -1.02474774684932 -0.272494758467706 -0.416104843186451 -0.770544857181042 2.25124189043959 "academ"
"J14" -1.26469463327715 -0.115891633467021 0.114491648040795 -0.649900697781675 1.48526530612872 "academ"
"J15" -1.46932577811598 -0.399874771523403 -0.840741588009052 -0.574420264984807 2.22736111544658 "academ"
"J16" -1.33527357343469 0.0452730930677493 -1.24646468799535 -0.757336618100843 -0.0795805503948574 "academ"
"J17" -2.22017200419564 0.15554544971108 -0.0890583026406132 0.149022930039304 2.3668357591537 "academ"
"J18" -0.131771699637024 0.992543123086463 2.71138496242271 -0.0422203935463818 -0.531134270946526 "academ"
"J19" -0.386886945953661 -0.608060450452982 0.884643850158075 -0.302286930227558 -0.622302334778669 "academ"
"J20" -0.551829943110572 -0.146326797873133 0.28212300323551 -0.98223675891368 -0.283869392202418 "academ"
"J21" -0.812509761017349 0.16385784909484 0.919051313607833 -0.867147361626323 -1.24536398092856 "academ"
"J22" -1.46821642791466 0.524520871886021 0.808985243249601 -0.343767576805269 -0.0180078360042378 "academ"
"J23" -1.05500850817101 0.937469863698544 -0.0782387332932971 -1.07464247970136 -1.56696227343346 "academ"
"J24" -1.33987350414062 0.100815827226549 -0.365352534063745 -0.329684556821669 0.207873499529735 "academ"
"J25" -1.7460818416112 0.0399753639279093 -0.0219200268525291 -0.602858805231331 0.544938924585114 "academ"
"J26" -1.603621128267 -0.192376008221471 -1.32034434902987 -0.671932898751806 -0.589666562093876 "academ"
"J27" -0.466891472321192 1.49216358983829 -0.228480268612104 -0.0906898998697494 0.614872290570122 "academ"
"J28" -0.642915497657446 1.2605434184531 0.054749970249185 0.904973088366124 -0.163058224900265 "academ"
"J29" -1.43006452333995 -0.0526445590208419 0.0682056898972949 -0.18996684401568 1.26624121325821 "academ"
"J30" -0.512145090845537 -0.0931715636272861 -0.161172636178548 1.11727206590745 2.34051511895822 "academ"
"J31" -0.202241607182005 2.41765479372522 -0.461462225541708 0.79955785709846 1.08532235812 "academ"
"J32" -1.03477039059399 -1.01206302129921 0.448331406243808 0.0615359320739902 0.155998198063546 "academ"
"J33" -0.0869931980109599 1.75660593072488 1.85652657335473 0.918390994512924 -2.10969267849137 "academ"
"J34" -1.08605808516616 1.90541517091433 1.26471536166931 0.479597196792743 -1.18595819435988 "academ"
"J35" -0.738692893998302 0.818306383938121 0.199051045710265 -0.222926241153304 -0.524069499542666 "academ"
"J36" -0.581246106021671 0.780421497403899 -0.884137108278327 0.861231213657936 0.0649028380583089 "academ"
"J37" -1.56170024604036 1.1984466884838 -0.788827363255207 -0.573731366352156 0.384212833582811 "academ"
"J38" -1.51351544023508 -0.119785148216286 0.926206158328463 -0.526767153072536 -0.813793330661352 "academ"
"J39" -0.14090352367205 0.736106909319112 0.363699268285648 -0.160392918453942 -0.923379108483421 "academ"
"J40" -1.51181729797583 0.366925882920305 0.309470318822331 0.0707366309726054 -0.133281146289023 "academ"
"J41" -0.975033961958885 -0.135427214688176 0.96654561864776 -0.384421794158457 0.547690215880875 "academ"
"J42" -1.20714970129929 1.17100188987609 -0.223260245864411 -0.134025713235806 -0.691121094603091 "academ"
"J43" -1.29180502098325 0.105380773054457 0.342182380135905 0.844300145120895 -0.0363224098328718 "academ"
"J44" -1.40375049895381 -0.264675280087906 0.265535543010769 0.337705234288824 -0.823224887806566 "academ"
"J45" -0.996400687263093 -1.17737110031923 0.113519495057199 -0.755297575765015 1.27775681566104 "academ"
"J46" -0.885956986313086 0.0612471143976194 0.0567453030672078 -0.455955523364605 -0.0631001042706657 "academ"
"J47" -0.886287539257663 -0.0994408736900554 0.806161793010224 -0.314690897642629 2.74044531354969 "academ"
"J48" -0.99043393711369 -0.377247348013812 1.29705334834356 0.787376545868969 -1.16191896003991 "academ"
"J49" -1.40876944074751 0.103580390947109 0.700142261408762 -0.570378127990054 -0.385451583907237 "academ"
"J50" -1.33586953606814 0.643306814620118 0.166309884507395 -0.00585235433743468 0.314245292776661 "academ"
"J51" -1.48921700083431 0.567131499618357 0.763283984210278 0.27069362255334 0.309791824882575 "academ"
"J52" 0.317390889621796 2.91608598074465 2.05598586005407 3.11624936622003 1.19029543254698 "academ"
"J53" -0.0943670000689096 1.84389786950128 0.541708942416223 -0.707912091300612 1.5199910079021 "academ"
"J54" -0.841631573697643 2.04653539904988 -0.989874381633341 -0.816288182969956 -0.369681425770912 "academ"
"J55" 0.471614094278357 -0.656734475351135 -1.4558513878473 -0.15549933088965 0.602870219776947 "academ"
"J56" -0.41288468665143 -1.08270677253795 -0.936269250594567 -0.722781485377786 -1.51483831062924 "academ"
"J57" -0.504119916026622 2.11980335911125 0.427075736485025 -0.146869928390157 0.289026760594389 "academ"
"J58" -0.620142998096025 -0.155347842392193 -0.546601065453707 0.939829280236252 0.13408648897675 "academ"
"J59" -0.172218338178599 1.91669957823936 -1.0458933854301 -0.508609153107268 -1.82490650768887 "academ"
"J60" -0.118968889151697 0.492204271930277 0.738864492233529 -1.00964765688037 -1.5380940159791 "academ"
"J61" -0.199509286326536 0.234707866232453 -0.972930593945511 -1.00455880095055 -0.376698063086099 "academ"
"J62" -0.352197175711966 1.36620352619281 0.45248991370774 -0.356883742361136 0.255648537674675 "academ"
"J63" -0.714096047861214 1.69822720945229 0.989930962007259 2.15302027014107 0.190870408696819 "academ"
"J64" -0.206301553312299 0.773173395489516 -0.190830859565758 0.0613682283760915 -0.637682552193745 "academ"
"J65" -0.164444474311728 1.80766399693004 -0.806991694139877 1.08078745202967 -1.07740246874398 "academ"
"J66" -0.320570663913972 1.80485665290285 -0.119547998882757 -0.635856219797707 -0.257275326495658 "academ"
"J67" -0.857417023444057 1.44921349097359 0.470226476432964 0.777475065025634 0.241959740353567 "academ"
"J68" -0.0795023696132391 -0.177987925932986 -0.413653732294703 -1.00767101805619 0.0949417546769321 "academ"
"J69" -0.955973765034924 -1.56150332067357 1.21792782722904 -0.426169877060369 0.330354724231411 "academ"
"J70" -1.3854150635113 -1.071827327999 -1.06179229720818 -0.642852810819361 2.57350260477463 "academ"
"J71" -1.32782136621221 -0.189972429127663 1.54849190741041 -0.527479639732277 -0.347994156609067 "academ"
"J72" -1.7914750976795 -0.707506444002954 -0.48332192665973 -0.59974579399336 1.20452703581631 "academ"
"J73" -1.31006026116042 -1.51340690037097 -0.379803118731784 -0.236222312351368 -0.49142195018168 "academ"
"J74" -1.79120155557283 -0.606330178721633 0.24013087604898 -0.871276630343918 0.392526397884287 "academ"
"J75" -1.0160636856041 -0.112827722408992 0.784152526688268 -0.771827520422456 1.58986626233146 "academ"
"J76" -1.08865762574177 0.143004251519011 -0.314495813910539 -0.617752953986529 -0.149970143693693 "academ"
"J77" -0.822001182105514 -1.67618932888189 -0.208005523545781 -0.765076251465198 0.739446451298098 "academ"
"J78" -1.16190898116303 -1.13921748670153 0.283308896664175 -0.840872345196987 1.10561279602628 "academ"
"J79" -0.853585087530043 0.0239558630551148 1.10845343155914 -0.42690579168617 0.287006597320945 "academ"
"J80" -0.963624481487322 -1.04629980387858 1.18681897271151 -0.175167457391929 0.188787252552067 "academ"
"K01" 1.23875204242732 0.720802637016262 -0.71264846512861 1.04905940438122 -0.10794274781307 "fiction"
"K02" 0.633844297734713 -0.0994590259075236 -0.97412508359556 -0.123723406560579 0.199843412364334 "fiction"
"K03" 1.09774623319051 -0.585871340305488 0.984190096076763 0.463211175789219 1.76270994623664 "fiction"
"K04" 0.544586097625343 1.11874186055201 0.120562817118505 0.616575060914574 -0.982609469161231 "fiction"
"K05" 1.63886608973489 1.32196591513866 -0.620123777955912 -0.910050440263665 -0.725899738016332 "fiction"
"K06" 1.00608572901458 -0.950245597398669 -0.554958875151205 -1.27823485616893 -0.378941491656262 "fiction"
"K07" 2.45864791225609 0.763466949707089 -0.16654998551107 -0.573420341800719 -0.764699160839584 "fiction"
"K08" 0.766028391633919 1.18976322494947 0.511619864116715 2.26103759680106 0.220660215954741 "fiction"
"K09" 0.883531321983104 0.0424438275698689 -0.264035094523195 -1.18282130122717 1.3730288556981 "fiction"
"K10" 0.944994704427843 -0.785840481346601 -0.694162981410277 -0.0626684632157418 -0.394539138608953 "fiction"
"K11" 0.7742197678166 -0.689728003348547 -0.805498526826567 -0.701335697383001 3.71642341114776 "fiction"
"K12" 0.828367095633809 -0.39710157337458 -1.25945759457048 -0.319308003695795 -0.465444684242677 "fiction"
"K13" 1.03974706952366 -0.121488652126014 -0.107179807728262 -0.118874919274864 0.471258393832093 "fiction"
"K14" 0.477995487319564 -0.336087859242444 -0.500194036459769 0.0563779130869862 -0.099523890425522 "fiction"
"K15" 0.667497116066301 -0.891142144551799 -1.2123892538435 0.882699012100049 1.96062801638824 "fiction"
"K16" 0.529968657270128 -0.49305735421824 -1.36403194394387 -0.662699823168514 0.313947446412122 "fiction"
"K17" 1.00211916377387 -0.562670098618257 0.121132398676131 -1.22950903629437 1.34744102167122 "fiction"
"K18" 1.61960934724046 0.302003389505861 0.86377290391904 -0.342324892933796 -0.107133777050286 "fiction"
"K19" 0.622115737682501 0.283736831613244 0.392814066063177 1.84562171403265 -0.110928597937967 "fiction"
"K20" 0.694225826813583 0.317896850066125 -0.335305380130526 1.16373490500653 -0.753380902751856 "fiction"
"K21" 0.896089626225796 -0.424726361828229 -1.32012794068644 -0.546687959762498 0.331949067486847 "fiction"
"K22" 1.1524374116928 -0.461473317164396 -0.0135976976543147 0.851641697222687 0.772501321064333 "fiction"
"K23" 0.447436868286334 0.0569020969697901 -1.60094233505013 -0.0193546325960543 0.372396676210684 "fiction"
"K24" 3.04912089899386 -0.401424394738296 0.978678893749518 -0.682632305931056 1.45994654437196 "fiction"
"K25" 0.766452410419521 1.23702703478388 -1.9388267779736 -0.921215462520541 -0.976582201045036 "fiction"
"K26" 1.62827572422039 -0.0547315672348553 -0.0735875734952067 0.773682603943446 -0.239360706616963 "fiction"
"K27" 0.579260591425775 0.0484094848240897 -1.60663186546777 -0.512083435930972 -0.490162835320549 "fiction"
"K28" 1.56828192161643 -0.730479674804719 -0.588987496462503 0.0383220510350469 1.39621880821117 "fiction"
"K29" 0.204328684653226 0.00752404622083296 -0.696677133779583 -0.18192933096743 1.04418072563797 "fiction"
"L01" 1.72299581095243 0.0554631878840814 1.1445334388964 0.286331286996751 0.985187066482688 "fiction"
"L02" 1.67706202735996 -1.1996993309046 0.568347311502827 0.799504940069826 0.802049036001525 "fiction"
"L03" 2.00893444123003 -0.296461231947369 -0.130204677112481 -0.00240132841408002 1.07799876305729 "fiction"
"L04" 1.18414612718652 0.113582019556995 -0.913607765310284 -1.00670239186574 0.381491117679982 "fiction"
"L05" 1.49077884650936 -0.827390678651849 -0.556907918974474 0.559484411954563 0.00756448807155641 "fiction"
"L06" 1.4925904042331 0.363896803780534 -1.36750617797051 -1.95738770635767 1.33702169277407 "fiction"
"L07" 1.28324276898421 0.00327097652179185 -0.133003692136462 0.131664444920699 1.92743393510739 "fiction"
"L08" 2.58905763753867 1.20118434095605 0.999750304006272 -0.140126671497566 -0.238942681480858 "fiction"
"L09" 1.72160190391105 0.274694975752603 0.306875184191578 -0.104991683274321 1.25892225456533 "fiction"
"L10" 1.68774567041326 0.620265216313838 0.512157528139156 -0.412236696160334 2.36865389510818 "fiction"
"L11" 1.13540354165892 0.2542344366955 1.38135509048379 -0.203461018702899 -0.612217408586988 "fiction"
"L12" 1.41771799167544 -0.286794224546196 0.225706598079193 0.32021822044955 0.61718185740177 "fiction"
"L13" 2.0790642762632 -0.584269869991485 0.105251770975181 -1.1654147133388 0.071186440015956 "fiction"
"L14" 0.826863009570711 0.859889338861603 0.315534408449501 0.562164184414809 -0.346339649747205 "fiction"
"L15" 0.611662732421333 -0.260591750095918 -0.360268774100766 0.846949490455668 1.98140330269227 "fiction"
"L16" 1.41530457213278 -1.03328552761283 0.220403179818286 -0.609851624012792 -0.351542299913693 "fiction"
"L17" 1.15130301961661 -0.689952895421925 -0.056216826234108 -0.395226975941778 0.817952400950777 "fiction"
"L18" 1.58025806628475 0.465850021688093 -0.161562607831253 0.590559772501433 1.58240895298612 "fiction"
"L19" 0.847389570680689 -0.35847763761825 -1.82612906296056 -0.825401229951269 -1.07790709096355 "fiction"
"L20" 1.69519668045343 -0.665215002517248 0.0745282709892666 1.16534544437725 1.05729659287674 "fiction"
"L21" 0.940072029104823 -0.918855655197818 -0.21271179857023 -0.76634696632542 -0.0228321601490589 "fiction"
"L22" 1.2715847801013 0.582487803846272 0.75131549324855 -0.359400805350499 1.89350258954995 "fiction"
"L23" 1.96591096436704 0.790576572376733 0.47929507120912 -0.598965779953802 1.93737134476924 "fiction"
"L24" 2.20060902742403 0.0415179252805224 0.302235035052673 -0.485697589058559 0.600550073453067 "fiction"
"M01" 1.10216322816363 0.183092479261488 0.11593925488267 -0.0581329031099263 0.885102671392585 "fiction"
"M02" 0.43421887239683 0.561273802714926 0.331489030554244 0.944943609328876 1.11548099855355 "fiction"
"M03" 0.924577053828253 1.48164931399924 1.0019145063892 0.31465597349921 -0.393585191128617 "fiction"
"M04" 1.51936591029439 0.147475367074373 0.988962759241635 0.341382439363079 -0.0241949635400781 "fiction"
"M05" 0.00708506137346636 -0.556006289508885 -0.507595401130222 0.0126757398213652 0.142075119257808 "fiction"
"M06" 1.05329389101352 0.665297791991213 -0.261511624525755 0.181707603882445 2.56246819607925 "fiction"
"N01" 1.80470666880064 -0.730578050755763 0.35201332056645 1.19005823572837 1.44897592128611 "fiction"
"N02" 1.71668464528407 -0.939923100011228 -0.554121336446491 -0.937924478123682 1.54269085070679 "fiction"
"N03" 1.03677810724449 -1.29322122397538 -1.7221768672499 -0.148597235945745 -0.657365806294339 "fiction"
"N04" 1.21200472656555 -0.601851403745616 -0.832325065064862 -0.338651439744909 0.40167321996575 "fiction"
"N05" 2.10100004323741 0.138357790359886 -0.138934549447454 0.16307714031276 -0.465012576464922 "fiction"
"N06" 1.02985621169395 1.57423075508694 -0.610754621153927 -0.835197129143893 2.80792140891229 "fiction"
"N07" 1.49430101953921 -1.19227103088329 -0.319737806308669 -0.362976798881766 0.349730229749657 "fiction"
"N08" 0.677773068834755 0.500986295349168 -0.536254938713999 -1.50226754418342 0.572809398179645 "fiction"
"N09" 2.06230197793186 1.06853601720438 -0.106837134288264 -0.243439516737957 -0.256993107579858 "fiction"
"N10" 1.80955137668045 -0.779232818832044 -0.790077181226097 -0.0554663203763961 -1.38304642353352 "fiction"
"N11" 0.781722246116042 0.0504640991224675 -1.08847661081545 -0.0902289521928817 0.639591828089104 "fiction"
"N12" 2.14226092294293 -0.74108649120892 -0.352529009148723 -0.793587911066631 0.0545149695846932 "fiction"
"N13" 1.29464418107996 -0.365984939819523 -1.007741542549 0.0258664884972169 -0.0718340416389302 "fiction"
"N14" 1.26541421210121 -0.111031991698691 -1.32787543484444 -1.08592782151228 0.111000331854625 "fiction"
"N15" 1.13883149110145 -0.627352376548354 -0.810670943052558 -0.597604385258707 0.407223430666366 "fiction"
"N16" 0.882686350104502 0.427322678754226 -1.2328685999969 -0.427143611805364 -0.643155383968251 "fiction"
"N17" 2.27451098804373 -0.579964865785045 0.524841750757381 -0.121337053931122 0.020887280823243 "fiction"
"N18" 1.53039312296615 0.508833630064109 1.02343985646393 0.0585348902491845 2.4386562391541 "fiction"
"N19" 1.09772710794296 -0.285771457298026 -0.449990505971138 0.0318052329304038 -0.279553953063057 "fiction"
"N20" 1.17976479122342 -0.705834577765741 -0.975936741824066 -1.16768420424386 0.661762002869423 "fiction"
"N21" 0.562824326249273 -0.243892255071771 -0.401719455905943 0.417275457346401 1.10578385242407 "fiction"
"N22" 1.4080719677903 0.577644472280681 -1.38733517591536 0.148725561880385 2.16639389961066 "fiction"
"N23" 0.975612486670969 0.197149817723278 -0.363157305320031 -0.377983437028707 -0.394667012051568 "fiction"
"N24" 1.67669901418758 0.369169056575515 -0.0585235244495097 2.4416668052588 -0.621998302378092 "fiction"
"N25" 0.964270468555341 -0.778677612493014 -1.81986315025779 -1.2084954856051 -0.805666878931736 "fiction"
"N26" 0.926617608567914 -0.274530837484615 -1.62074420951663 0.391753387003576 -1.33938878391629 "fiction"
"N27" 1.74331358018243 0.330224200286945 -0.495555925790779 1.34159632437952 -0.0391180410927027 "fiction"
"N28" 0.36015953111618 -0.268574264064161 -1.26185564847983 -0.989625124833241 -0.616733751298843 "fiction"
"N29" 1.76206315147313 -0.307116181332345 -1.32681362322344 0.0110288832463216 -1.3642004857714 "fiction"
"P01" 1.06320624873571 0.143098827141027 -0.839536106001247 -1.48263537940267 0.403958916530682 "fiction"
"P02" 1.46354425737475 -0.334289245847399 0.709579353809487 1.20702838596242 -0.738114208765126 "fiction"
"P03" 1.87128708495198 0.412611048363459 -0.0478353880285215 0.367181653019739 -1.28159805907448 "fiction"
"P04" 1.11904200201293 0.762212220586013 -0.874264069104792 0.797561749539314 0.935524688495283 "fiction"
"P05" 0.81869064267539 0.75349947025907 0.068212020323733 -0.405290472236283 0.574159776476945 "fiction"
"P06" 1.40739300635384 -0.90652507262635 0.390375678741476 1.37414786368016 1.63056306608803 "fiction"
"P07" 0.816342468321436 0.566248842722286 0.272951543457699 1.86628552305515 0.212726828049718 "fiction"
"P08" 1.24346925342226 0.00836865279339013 -1.24400696505844 0.40791647420162 -0.441362148620166 "fiction"
"P09" 2.13112633902536 -0.621210010700457 3.63312188978917 -1.3081528681602 1.37407082386202 "fiction"
"P10" 1.21105415037429 -0.0554561965077091 0.324207980743295 -0.50939179599677 -0.297708029834229 "fiction"
"P11" 1.58723760603441 0.318571721576958 0.758800727474762 -0.106367433704569 1.35578772587661 "fiction"
"P12" 1.74739255231483 0.0293849434943013 0.603522066384787 1.10674080115405 0.209294701142219 "fiction"
"P13" 0.861225696392655 -0.35858114627445 -1.55246038382799 -0.0905716273094846 1.09463133173834 "fiction"
"P14" 1.79817222472215 0.0215146886996569 0.257994319845272 0.292943132446904 1.79425684800381 "fiction"
"P15" 1.28772847393798 0.26801813349573 -0.296237808834662 0.623336761375867 0.974074205029443 "fiction"
"P16" 1.84083225528843 -1.23089862647543 0.124702629289944 0.509032350398556 -0.462191685921961 "fiction"
"P17" 1.20828848851788 0.69293789164095 0.465742689761003 0.0966629223501568 0.478849872188462 "fiction"
"P18" 2.36414901145092 -0.399049103306876 1.05704984817135 0.0754667659178386 -1.34423092793639 "fiction"
"P19" 2.35180424756116 0.324431808767573 0.884550932478666 -0.0667913025049327 0.602168873762314 "fiction"
"P20" 1.42086420121233 0.20631333716494 0.223651145710486 0.452489537197596 0.58772071963983 "fiction"
"P21" 0.997581107050769 0.657383981973175 -0.549540213264661 -0.36219828040426 0.971385045598782 "fiction"
"P22" 1.79990436565479 0.859064562979599 0.757411692192808 0.228193318952229 -0.16353006601253 "fiction"
"P23" 1.38898871443851 -0.201985549148099 0.116989466989245 -0.351315785387188 0.789522065699417 "fiction"
"P24" 2.19751473511345 -1.10594528277132 -0.355137132185653 2.11691781016025 -1.96636356762856 "fiction"
"P25" 0.58474103749339 0.62346454300484 -1.13991351414586 0.716319543848701 0.397188303726518 "fiction"
"P26" 1.38678222179484 0.493959162209434 0.04315729899658 -0.117178326825553 0.718673105849319 "fiction"
"P27" 1.53757033444245 -0.609395256900401 0.127573626108283 0.644459285763224 0.803057253977553 "fiction"
"P28" 0.910055592432436 0.740032934351514 -0.508642749570302 -0.328856886353664 2.52200243402932 "fiction"
"P29" 0.96411255601473 -1.18854355212479 0.435741597458706 0.398401403118181 -0.629030718365563 "fiction"
"R01" 0.640874144530571 0.00110054704827297 -0.850803376878254 -0.467825043489342 -0.563680779217306 "fiction"
"R02" 0.532795680186994 0.32881947912064 0.482268927736222 -0.110347333904168 1.18456320868211 "fiction"
"R03" 0.466373645961038 0.791689698336442 -0.85409186048029 0.487671656894666 -1.03924886122675 "fiction"
"R04" 1.57915127656132 0.31978610951097 0.696304714799063 -0.0285428447474731 -1.29280120741076 "fiction"
"R05" 0.680181084603689 -0.197382789504453 0.401350363001124 3.12171380647404 0.494699385816867 "fiction"
"R06" 0.642066670754222 0.312335333027834 0.16224516270949 4.32241822920074 0.408319955331976 "fiction"
"R07" 1.49231063726453 0.965600012569018 -0.118754688703851 0.76592158841115 -0.457341593115035 "fiction"
"R08" -0.313710812085469 0.449578575798035 -0.586676571098611 -0.0108805769173444 -0.578322292314825 "fiction"
"R09" 0.846797800090007 -0.758144738208132 0.489099197203338 -1.27370048271249 -0.997165744924924 "fiction"
